17.908583
10.133180
7.960292
6.263458
7.025374
6.954537
6.660625
6.397605
7.052134
7.017882
6.934027
6.860640
6.740040
6.609771
6.566297
6.531185
7.224814
7.180923
7.089523
7.102911
7.054303
6.999818
6.903873
6.911545
6.833503
6.807353
6.725988
6.735426
6.618488
6.652506
6.622707
6.586914
7.248403
7.226615
7.227257
7.237141
7.178183
7.161379
7.130192
7.161898
7.174398
7.077987
7.051011
7.066368
7.009971
7.013826
6.973528
6.958034
6.952503
6.879474
6.859997
6.924413
6.841920
6.831229
6.791172
6.745127
6.767468
6.757215
6.749862
6.692400
6.653671
6.649239
6.680524
6.655182
7.362937
7.312280
7.365932
7.333707
7.337477
7.295167
7.285797
7.304187
7.303597
7.249911
7.274571
7.239705
7.264291
7.245133
7.191547
7.189475
7.241349
7.197908
7.208303
7.164987
7.175209
7.110863
7.081008
7.059426
7.083350
7.150802
7.043594
7.094943
7.043396
7.017313
7.016574
7.007366
6.943110
6.929074
6.991779
6.935202
