18.028758
10.136724
7.936487
6.286927
6.933214
7.055478
6.607945
6.436086
7.115885
7.095379
6.894123
6.856231
6.777303
6.696808
6.620720
6.527635
7.198624
7.233064
7.126954
7.095314
6.998245
6.972599
6.981326
6.912616
6.843688
6.790460
6.760860
6.763062
6.673642
6.632783
6.583650
6.572278
7.267840
7.252320
7.211323
7.222821
7.224814
7.238603
7.147117
7.191812
7.140028
7.073510
7.035092
7.057110
7.031316
7.012015
6.995902
6.968053
6.919834
6.871858
6.913781
6.827670
6.793376
6.825830
6.800123
6.815010
6.751735
6.767584
6.768356
6.720745
6.718470
6.689129
6.639597
6.631079
7.355926
7.373815
7.325068
7.302005
7.314936
7.322281
7.253099
7.302372
7.233439
7.342304
7.302042
7.228051
7.257855
7.236095
7.255097
7.168271
7.205644
7.200609
7.163237
7.172426
7.124337
7.105333
7.133983
7.108689
7.070270
7.126421
7.075724
7.095265
7.065475
6.988883
6.960177
7.018144
6.952974
6.993558
6.959009
6.962388
