17.929081
10.165801
7.958904
6.254414
6.968721
7.057977
6.633123
6.421305
7.064156
7.084373
6.929619
6.818951
6.725475
6.672715
6.566526
6.542233
7.229651
7.149263
7.094169
7.122668
7.034878
7.021325
6.941499
6.882202
6.857704
6.827304
6.764418
6.738979
6.670435
6.653024
6.645390
6.595049
7.289573
7.244237
7.239000
7.222413
7.198419
7.216940
7.128806
7.182276
7.162046
7.084934
7.077626
7.095506
7.036020
7.007617
6.949774
6.972017
6.926462
6.876359
6.854222
6.849925
6.838223
6.824199
6.835895
6.773550
6.763512
6.736894
6.741577
6.766782
6.708067
6.671347
6.658966
6.643020
7.349910
7.319342
7.318812
7.332535
7.341618
7.286198
7.273897
7.301434
7.286783
7.336094
7.238900
7.314712
7.252705
7.254484
7.241579
7.187344
7.242208
7.407316
7.129282
7.153004
7.187485
7.213361
7.098265
7.082682
7.136577
7.122096
7.068829
7.022389
7.036257
7.062649
7.022236
6.962340
6.954579
7.010003
6.981253
6.890497
