17.886599
10.128269
7.956773
6.352071
7.079114
7.033700
6.664818
6.426644
7.074156
7.028317
6.948440
6.797251
6.742494
6.680685
6.605620
6.523056
7.171634
7.153444
7.098731
7.097884
6.995698
6.975836
7.001906
6.923068
6.858717
6.774839
6.754553
6.728141
6.734740
6.679586
6.586479
6.569912
7.253445
7.228047
7.244010
7.218537
7.210678
7.198378
7.165059
7.191696
7.157420
7.079091
7.074446
7.096953
7.083601
7.020010
6.981824
6.983364
6.910162
6.848291
6.868848
6.897014
6.860294
6.803836
6.762763
6.829405
6.765736
6.777312
6.751605
6.693872
6.684014
6.707660
6.673007
6.627449
7.349227
7.363608
7.327930
7.353333
7.305195
7.275296
7.310208
7.282448
7.286464
7.286667
7.278327
7.295395
7.268980
7.248457
7.218034
7.220384
7.209238
7.179574
7.203236
7.152576
7.121485
7.134321
7.100783
7.122949
7.116382
7.150720
7.058554
7.047334
7.083056
7.042455
7.027533
7.065474
6.948318
7.009345
6.935118
6.972298
