17.909401
10.120250
7.929874
6.250334
6.862740
7.095791
6.594247
6.468804
7.068343
7.101874
6.991772
6.829947
6.775250
6.694012
6.576958
6.515162
7.194892
7.165177
7.136616
7.064543
7.058233
6.997280
6.930061
6.867227
6.819792
6.807434
6.768725
6.739184
6.693859
6.651940
6.606709
6.633997
7.314821
7.260201
7.210360
7.249809
7.240729
7.160049
7.186651
7.211264
7.155139
7.050117
7.048339
7.087454
7.071187
7.021107
6.999717
6.996738
6.932601
6.914764
6.883985
6.944542
6.832463
6.801688
6.825870
6.817616
6.762645
6.805639
6.768079
6.721834
6.690956
6.651171
6.630327
6.644354
7.357646
7.342811
7.278703
7.275062
7.334017
7.292095
7.247491
7.235529
7.355449
7.292548
7.247376
7.195514
7.251452
7.250005
7.210487
7.234257
7.204048
7.214920
7.147039
7.130799
7.182758
7.149708
7.107267
7.093823
7.154689
7.085111
7.063368
7.018990
7.007903
7.022934
7.076649
6.990332
6.945878
7.029502
6.969417
6.944892
