17.887148
10.100305
7.956795
6.315730
6.963230
7.081916
6.478721
6.425879
7.071947
7.000898
6.916972
6.800916
6.745569
6.692634
6.612611
6.543927
7.186866
7.179973
7.115290
7.094362
7.008458
6.982229
6.944755
6.924154
6.845891
6.781918
6.737151
6.720312
6.692578
6.656512
6.584721
6.586564
7.261774
7.261389
7.247337
7.212762
7.193845
7.156702
7.205599
7.160147
7.118137
7.058497
7.056941
7.070261
7.023368
7.040748
6.975783
6.997049
6.947796
6.915299
6.843285
6.829502
6.881581
6.782932
6.749818
6.783729
6.744223
6.764160
6.693679
6.680819
6.710526
6.684288
6.662690
6.649359
7.330251
7.311194
7.349072
7.324949
7.294331
7.309080
7.326150
7.285881
7.254046
7.281670
7.265865
7.213009
7.205491
7.263516
7.243687
7.260339
7.150018
7.185768
7.151528
7.182111
7.139752
7.046723
7.104415
7.189502
7.157699
7.095355
7.075150
7.064846
7.018911
7.079191
6.970372
7.013334
6.993912
7.030750
6.934831
6.886249
