18.012440
10.109328
7.936898
6.290620
7.138756
6.830123
6.551680
6.409998
7.081433
7.111749
6.898735
6.804887
6.711203
6.788725
6.657502
6.552614
7.187056
7.118155
7.102687
7.141998
7.091889
6.983956
6.950202
6.946485
6.856300
6.813629
6.710392
6.738563
6.701700
6.637203
6.596452
6.589417
7.257752
7.234181
7.250205
7.254974
7.194375
7.157269
7.205251
7.172834
7.124412
7.057416
7.081360
7.087165
7.009729
6.989250
7.023083
6.966028
6.923410
6.927020
6.901293
6.845241
6.845485
6.856405
6.810181
6.767362
6.796208
6.747149
6.698877
6.658479
6.696993
6.666133
6.666532
6.696863
7.353060
7.306804
7.276296
7.322211
7.252990
7.300091
7.286295
7.331706
7.241271
7.265540
7.291060
7.221960
7.205244
7.264443
7.222166
7.225882
7.208689
7.181461
7.138116
7.107528
7.166189
7.066852
7.080982
7.080372
7.085676
7.105555
7.099136
7.080677
7.075359
7.001650
7.019294
6.949887
6.978018
6.969202
6.947246
6.947191
