17.947453
10.106314
7.925251
6.324457
6.992496
7.079073
6.586708
6.429844
7.086378
7.102121
6.934440
6.798334
6.711339
6.718301
6.621300
6.568516
7.210082
7.147584
7.137466
7.123877
7.044599
7.002552
6.982679
6.938020
6.860748
6.776083
6.760885
6.766385
6.680269
6.698019
6.622387
6.586216
7.253741
7.273650
7.238189
7.210988
7.215540
7.201627
7.193752
7.195824
7.127763
7.116839
7.049181
7.065457
7.038194
7.039991
6.982991
6.960611
6.925679
6.876380
6.887737
6.881640
6.813171
6.811688
6.843234
6.804309
6.767060
6.764658
6.715205
6.717559
6.685229
6.695625
6.617239
6.618561
7.326573
7.351576
7.341737
7.284922
7.295742
7.338364
7.300879
7.275799
7.237617
7.283249
7.307018
7.286937
7.218329
7.469960
7.257414
7.196007
7.184883
7.189835
7.168468
7.187378
7.113968
7.132830
7.055546
7.124689
7.064664
7.129412
7.088221
7.069701
7.011496
6.993969
7.026143
6.990487
6.987317
6.944372
6.980774
6.883807
