18.013186
10.111458
7.937055
6.270013
6.916825
7.041405
6.550556
6.448230
7.105487
7.104989
6.874739
6.821223
6.705473
6.686271
6.558065
6.520716
7.204365
7.173964
7.115744
7.079604
7.037744
7.011147
6.943888
6.878891
6.847810
6.775713
6.758097
6.722255
6.656254
6.658385
6.593502
6.586576
7.258331
7.230892
7.209607
7.235063
7.220462
7.193092
7.128826
7.202565
7.131115
7.081097
7.058363
7.115635
7.045986
6.999436
6.978355
6.968195
6.928994
6.936091
6.876368
6.859412
6.842160
6.860866
6.807204
6.793861
6.758575
6.718923
6.694638
6.745691
6.687708
6.669953
6.668565
6.666044
7.378385
7.326417
7.313433
7.315083
7.365118
7.276509
7.299627
7.276493
7.277891
7.239326
7.276928
7.256808
7.209489
7.210935
7.201416
7.212324
7.211408
7.218882
7.192817
7.129224
7.195609
7.161378
7.121691
7.122428
7.074946
7.037377
7.019082
6.997602
7.022538
7.061415
7.004758
6.994723
6.953157
6.998823
6.920030
7.028711
