17.965641
10.106085
7.959056
6.312115
6.971931
6.661711
6.596220
6.487089
7.115720
7.096890
6.871036
6.798075
6.752077
6.686178
6.560753
6.501692
7.175181
7.168891
7.106473
7.117196
7.009567
6.959315
6.943829
6.909375
6.850129
6.781317
6.743046
6.765356
6.731919
6.636459
6.606371
6.596545
7.279504
7.277154
7.217391
7.199569
7.222064
7.175835
7.163278
7.166990
7.119799
7.109197
7.056147
7.081713
7.059425
6.986873
6.995800
6.968718
6.909312
6.901073
6.890413
6.885515
6.818356
6.833135
6.784002
6.850324
6.805451
6.711392
6.705023
6.719015
6.715701
6.666928
6.645093
6.627358
7.348526
7.354780
7.328116
7.316085
7.315673
7.339887
7.303858
7.323773
7.308131
7.300405
7.233846
7.216834
7.309031
7.237797
7.236098
7.148354
7.227963
7.216267
7.190517
7.172722
7.110252
7.088012
7.180110
7.155423
7.105918
7.051867
7.110255
7.058635
7.067493
7.058436
6.984667
7.051008
6.984867
6.975941
6.996606
7.015167
