17.942879
10.150648
7.927651
6.263068
6.874133
7.083275
6.685134
6.411614
7.055824
7.132136
6.945051
6.844033
6.744667
6.718650
6.595007
6.520686
7.232283
7.194845
7.075523
7.106529
7.024778
6.989691
6.966112
6.898431
6.865060
6.775216
6.766479
6.748880
6.680408
6.614384
6.610212
6.631239
7.314609
7.231809
7.225452
7.225456
7.217735
7.189679
7.158046
7.172458
7.134291
7.058101
7.061285
7.060073
7.043673
7.050460
6.968477
6.992821
6.901267
6.952409
6.867374
6.815445
6.818273
6.851132
6.822245
6.824823
6.771569
6.723067
6.752308
6.743833
6.670967
6.670676
6.624600
6.661925
7.351206
7.338536
7.278137
7.308541
7.361934
7.335102
7.257474
7.284919
7.328050
7.279232
7.239831
7.238387
7.311095
7.261676
7.210128
7.234273
7.190877
7.192721
7.151502
7.175393
7.185806
7.100330
7.140099
7.080925
7.118066
7.077428
7.085184
7.058048
7.055480
6.989733
7.040244
7.054934
6.996125
7.033546
6.934156
6.910720
