17.947074
10.164375
7.972682
6.293421
7.014571
7.059136
6.523454
6.448057
7.103426
7.077753
6.891777
6.801225
6.746829
6.681023
6.638822
6.510207
7.188234
7.138811
7.141384
7.147823
7.028076
6.958243
6.945807
6.924659
6.800959
6.811887
6.724049
6.743821
6.700822
6.655666
6.601928
6.625313
7.271865
7.266941
7.250524
7.210171
7.232572
7.208623
7.194653
7.146474
7.155576
7.103984
7.089296
7.035320
7.044428
7.031365
6.972385
6.972601
6.914149
6.860982
6.895020
6.840890
6.782179
6.796320
6.769317
6.850023
6.820605
6.764284
6.737743
6.679959
6.690187
6.668069
6.683634
6.618253
7.353356
7.339844
7.357094
7.331218
7.317163
7.335524
7.321123
7.290204
7.300337
7.273646
7.233784
7.201867
7.241661
7.241220
7.271822
7.154929
7.140294
7.165477
7.198600
7.129269
7.151953
7.176367
7.154574
7.068610
7.082764
7.086763
7.083319
7.115526
7.003235
7.056325
6.978012
6.964248
6.993174
6.963145
7.002907
6.949187
