17.907687
10.136337
7.951451
6.323305
7.074245
7.043528
6.622216
6.404103
7.344575
7.129236
6.942450
6.863447
6.756036
6.669498
6.599462
6.504741
7.196575
7.168040
7.143798
7.156803
7.050438
7.002471
6.982449
6.902006
6.815469
6.769188
6.732921
6.766382
6.680539
6.645087
6.558406
6.571080
7.333108
7.241905
7.207462
7.226340
7.203119
7.186194
7.168831
7.216388
7.138003
7.104726
7.102829
7.066293
7.050628
7.014152
6.984850
7.007962
6.900496
6.905540
6.882848
6.862180
6.838177
6.805736
6.812372
6.837313
6.826605
6.771020
6.667023
6.702508
6.702169
6.690107
6.634819
6.683478
7.305541
7.386743
7.354517
7.275257
7.304800
7.328640
7.259054
7.287030
7.302501
7.285362
7.308097
7.255230
7.226022
7.290229
7.258132
7.200458
7.188812
7.240461
7.206663
7.100778
7.169285
7.144104
7.091271
7.106760
7.088874
7.069262
7.080213
7.110492
6.991692
7.016870
7.029554
6.997125
7.051187
6.985457
6.937738
6.949124
