17.928185
10.097493
7.962266
6.268174
6.883173
7.056712
6.623354
6.447928
7.087222
7.049347
6.926342
6.829905
6.732180
6.682262
6.563188
6.530892
7.195241
7.221822
7.092094
7.125009
7.046457
7.019415
6.933798
6.891186
6.831742
6.853839
6.730483
6.758874
6.699061
6.654697
6.595274
6.617777
7.279916
7.238474
7.221722
7.218372
7.245956
7.142244
7.157164
7.156127
7.156629
7.037748
7.055304
7.087403
7.057426
7.002579
6.968704
6.973007
6.898257
6.908746
6.919914
6.835382
6.816205
6.843307
6.808854
6.790600
6.761531
6.770471
6.695590
6.681429
6.719343
6.617990
6.630472
6.665096
7.364933
7.320546
7.271074
7.279060
7.332828
7.292838
7.250189
7.271308
7.289663
7.320249
7.286396
7.243246
7.225501
7.226057
7.177629
7.203598
7.236945
7.228113
7.169650
7.113618
7.107134
7.157202
7.160774
7.161670
7.031353
7.094692
7.076499
7.026282
7.004301
7.079777
7.088516
6.924594
6.965349
6.984239
6.927804
6.976315
