17.872984
10.135562
7.935052
6.268841
7.001422
6.871864
6.683917
6.377460
7.051325
7.086576
6.948930
6.830843
6.748672
6.657941
6.549312
6.526286
7.198912
7.156943
7.119824
7.099892
7.047432
6.969835
6.946955
6.917393
6.853773
6.818740
6.772947
6.740277
6.712666
6.689743
6.608978
6.577464
7.260189
7.221711
7.239504
7.244371
7.200064
7.165746
7.150539
7.187396
7.039660
7.088557
7.089675
7.062189
7.040150
6.979567
6.978195
6.995368
6.934624
6.878613
6.874173
6.866989
6.856982
6.798727
6.796252
6.749818
6.748989
6.761436
6.704323
6.744039
6.700108
6.665648
6.652726
6.671849
7.358255
7.375748
7.355722
7.345954
7.320317
7.278237
7.272844
7.266689
7.305711
7.275175
7.265017
7.255771
7.241092
7.203937
7.210602
7.221508
7.205943
7.200927
7.167225
7.177825
7.182281
7.107732
7.116647
7.089049
7.109722
7.041416
7.049982
7.021877
7.043256
7.048195
7.010313
6.983967
6.984802
6.988204
6.930418
6.911041
