17.967345
10.094379
7.946295
6.292166
6.945352
7.044320
6.754095
6.404070
7.050240
7.091680
6.954726
6.838136
6.699672
6.654063
6.612748
6.525167
7.195041
7.151241
7.128757
7.087760
7.080482
6.997435
6.919011
6.904212
6.838292
6.845400
6.740616
6.765381
6.687244
6.670277
6.648461
6.580893
7.236088
7.239694
7.242314
7.255018
7.197363
7.197593
7.198567
7.193716
7.090158
7.093836
7.052736
7.083929
7.052767
6.978138
6.999636
7.005726
6.938528
6.851502
6.845037
6.853874
6.865141
6.847250
6.781968
6.767527
6.763873
6.761800
6.754922
6.690797
6.664926
6.659125
6.684168
6.689148
7.368862
7.315791
7.365665
7.323336
7.351679
7.267160
7.253417
7.280253
7.350046
7.267983
7.210217
7.306897
7.270397
7.227423
7.183359
7.221727
7.213876
7.129110
7.175668
7.092112
7.145834
7.101314
7.056491
7.107212
7.137776
7.077843
7.029068
7.102983
7.016567
7.063471
7.022869
6.973261
6.998329
6.979023
6.928398
6.971734
