17.998105
10.146687
7.953211
6.296272
6.909683
7.106426
6.633743
6.457990
7.091268
7.023098
6.971694
6.829838
6.782703
6.636204
6.563772
6.512371
7.201192
7.208339
7.088015
7.098086
7.047663
7.013610
6.948936
6.880154
6.817125
6.803385
6.791904
6.766790
6.706973
6.629816
6.595994
6.608927
7.318430
7.245880
7.208323
7.238933
7.260545
7.209324
7.151942
7.176955
7.139053
7.103496
7.041101
7.058603
7.057444
6.998066
6.941626
6.992271
6.895531
6.915574
6.920083
6.843548
6.861272
6.830526
6.814379
6.811212
6.771707
6.737553
6.701302
6.737184
6.737950
6.677981
6.635378
6.680334
7.354289
7.349060
7.324951
7.294594
7.334055
7.328981
7.284025
7.222129
7.312206
7.337303
7.212124
7.277348
7.223757
7.237920
7.250587
7.263584
7.248549
7.192176
7.159103
7.149450
7.191886
7.148283
7.133727
7.083998
7.141772
7.069178
7.119274
7.073309
7.027200
7.063530
7.082378
6.948663
6.983862
6.995224
6.968146
6.962506
