17.860731
10.086051
7.932944
6.282397
6.880851
7.099839
6.669773
6.396618
7.059693
7.039365
6.955535
6.817629
6.700022
6.747721
6.593028
6.521050
7.166036
7.165320
7.129750
7.147684
7.049052
6.999017
6.956367
6.910820
6.872038
6.770865
6.764476
6.739036
6.667185
6.675947
6.574787
6.562540
7.277177
7.233719
7.247100
7.224054
7.261551
7.148562
7.207653
7.171406
7.136387
7.068653
7.088597
7.066589
7.007562
6.962430
6.995198
6.957742
6.892514
6.854081
6.870054
6.898609
6.830499
6.791063
6.755959
6.833990
6.725320
6.772758
6.689195
6.710346
6.717353
6.687448
6.667909
6.670266
7.347493
7.319366
7.391299
7.307148
7.251342
7.286439
7.258945
7.327702
7.325869
7.253890
7.301083
7.271910
7.226947
7.247936
7.269571
7.229099
7.228584
7.229049
7.206468
7.140975
7.092618
7.101670
7.078956
7.087683
7.115657
7.054526
7.014385
7.039275
7.009231
7.019776
6.980872
7.002144
7.007890
6.977012
6.914530
6.976514
