17.951596
10.088461
7.964440
6.264556
6.890015
6.742573
6.543273
6.404644
7.088808
7.045111
6.937665
6.845545
6.728879
6.739297
6.669881
6.524634
7.222962
7.125483
7.101425
7.105870
7.055265
7.008255
6.949927
6.935988
6.839033
6.780252
6.737770
6.708044
6.675188
6.643971
6.607738
6.567948
7.237619
7.240351
7.247619
7.268704
7.189848
7.176390
7.186335
7.217508
7.091924
7.077693
7.081746
7.041841
7.007758
7.027100
6.968988
6.975551
6.922326
6.873227
6.856717
6.850458
6.853819
6.842445
6.770042
6.772645
6.778824
6.772096
6.744886
6.685722
6.666291
6.665938
6.686263
6.639773
7.305182
7.337700
7.325341
7.333057
7.302535
7.280060
7.276961
7.303832
7.231901
7.242810
7.200853
7.278917
7.253393
7.240000
7.240276
7.276415
7.189791
7.127818
7.117864
7.084855
7.187929
7.083565
7.074163
7.093924
7.168004
7.054263
7.063998
7.085532
7.056168
7.000263
6.990410
7.028398
6.920498
7.038543
6.949420
6.932980
