17.956466
10.091138
7.928453
6.249513
6.904458
6.756516
6.609388
6.458235
7.092881
7.076491
6.910558
6.869660
6.736492
6.702926
6.650674
6.545062
7.237982
7.185566
7.113322
7.071333
7.019661
6.999735
6.931422
6.899675
6.822323
6.819761
6.754083
6.761386
6.703859
6.631024
6.609594
6.585809
7.316380
7.255888
7.224691
7.241932
7.213662
7.148741
7.126643
7.163338
7.116724
7.049034
7.033268
7.098005
7.076007
6.984749
6.957666
6.966555
6.916357
6.885399
6.844770
6.861158
6.848467
6.825888
6.831623
6.798261
6.749609
6.748538
6.753679
6.734942
6.674212
6.645693
6.644396
6.649864
7.394687
7.330830
7.331397
7.324005
7.292915
7.288067
7.246421
7.289410
7.276572
7.215467
7.283857
7.248742
7.280611
7.199338
7.225895
7.158945
7.194978
7.182341
7.150113
7.190816
7.176814
7.106328
7.107899
7.123356
7.105186
7.083637
7.088146
6.984419
7.086638
7.063640
7.034302
6.997363
7.010609
7.022220
6.943972
6.954079
