17.967295
10.094721
7.954154
6.290936
6.893877
7.058293
6.498343
6.436556
7.146359
7.021876
7.003461
8.016294
6.738320
6.666633
6.657945
6.487746
7.219838
7.179493
7.139798
7.117492
7.072087
6.994753
6.981222
6.936129
6.835466
6.792969
6.755767
6.730022
6.707166
6.642287
6.610737
6.571624
7.294891
7.266222
7.194630
7.251105
7.221578
7.207372
7.142048
7.158772
7.135026
7.088510
7.081876
7.070752
7.038571
7.010129
6.999573
6.951645
6.924190
6.890780
6.900698
6.884024
6.846001
6.806185
6.839462
6.809960
6.796042
6.719171
6.728554
6.673291
6.727483
6.701444
6.630597
6.647146
7.342796
7.365348
7.291056
7.298983
7.315545
7.345071
7.322123
7.235184
7.340584
7.306600
7.257977
7.250833
7.253050
7.195489
7.264643
7.146568
7.124410
7.181580
7.170280
7.139386
7.094533
7.108017
7.153073
7.132444
7.088671
7.082033
7.064788
7.075508
7.015525
7.031912
6.973694
7.028559
6.924881
6.989447
6.953333
6.960563
