17.973760
10.090598
7.946390
6.297493
7.069826
6.755720
6.654564
6.418180
7.093377
7.106117
6.917027
6.789945
6.704122
6.667931
6.614180
6.500524
7.183344
7.164032
7.129483
7.126750
7.034205
6.989160
6.967705
6.895302
6.848432
6.762328
6.737541
6.752813
6.695176
6.638277
6.588550
6.606530
7.282867
7.263591
7.239330
7.198432
7.182597
7.196806
7.195320
7.153986
7.120887
7.083374
7.055667
7.059630
7.043228
7.019257
7.025002
6.977918
6.896444
6.897083
6.962545
6.840777
6.829677
6.810797
6.793853
6.803624
6.812835
6.768556
6.679532
6.684263
6.706598
6.703669
6.638064
6.607794
7.342679
7.354988
7.317028
7.302936
7.261328
7.344389
7.336149
7.244207
7.244782
7.204962
7.257740
7.250940
7.252077
7.229019
7.256587
7.281055
7.196299
7.210594
7.189154
7.179529
7.120253
7.166515
7.175983
7.108825
7.122576
7.109755
7.088650
7.142453
7.063137
7.068207
7.021834
7.046083
7.015109
7.026267
6.926336
6.928493
