17.879476
10.133436
7.958006
6.270172
7.034720
6.963049
6.556495
6.403570
7.099712
7.080610
6.929369
6.834264
6.700373
6.669205
6.607333
6.532341
7.191911
7.170609
7.090219
7.111514
7.028156
6.988426
6.934168
6.931909
6.833266
6.752024
6.759323
6.753832
6.733597
6.631438
6.612958
6.611936
7.244339
7.252160
7.270515
7.207287
7.171599
7.153528
7.226585
7.190577
7.132016
7.073536
7.093730
7.098185
7.029349
6.991922
7.009228
6.983815
6.912241
6.855114
6.910755
6.848272
6.853114
6.822222
6.790332
6.755442
6.809034
6.785837
6.729236
6.730746
6.689852
6.678123
6.677762
6.679450
7.370389
7.329636
7.333643
7.353362
7.258653
7.303116
7.326271
7.310507
7.294170
7.294464
7.251234
7.255285
7.224078
7.235816
7.258736
7.204452
7.204907
7.177592
7.174065
7.137153
7.089904
7.109197
7.039591
7.184179
7.153621
7.033281
7.078975
7.047581
7.060309
7.023560
6.979512
7.039604
7.001661
7.012881
6.946853
6.975123
