17.895251
10.104642
7.912130
6.295473
6.864512
6.994988
6.727933
6.468830
7.093724
7.037398
6.915746
6.797300
6.760828
6.677353
6.564961
6.500835
7.188680
7.154958
7.135171
7.120356
7.043786
7.052203
6.952962
6.890130
6.818758
6.800503
6.728118
6.736615
6.623682
6.649710
6.609404
6.626777
7.324839
7.270161
7.255582
7.267589
7.212641
7.209147
7.124837
7.184498
7.099806
7.092183
7.071499
7.062873
7.042584
7.034421
6.955560
6.962599
6.873374
6.898577
6.906585
6.820792
6.821813
6.799314
6.785543
6.776825
6.731809
6.742561
6.748493
6.707817
6.695604
6.662879
6.650585
6.606150
7.417377
7.347497
7.280391
7.308762
7.303218
7.294167
7.278711
7.292165
7.326846
7.299749
7.280013
7.269435
7.240701
7.266080
7.226846
7.209341
7.186931
7.191306
7.124832
7.116757
7.171568
7.166437
7.152328
7.108609
7.073295
7.115073
7.106629
7.030034
6.962485
6.974408
7.021204
6.983035
6.963058
7.021209
6.922249
6.974245
