18.014284
10.114617
7.949218
6.274726
6.880037
7.153730
6.734408
6.426099
7.036327
7.117825
6.947297
6.865891
6.720058
6.719979
6.609124
6.523349
7.188295
7.201487
7.106375
7.141097
7.069837
7.023047
6.935575
6.908901
6.851927
6.787886
6.733037
6.761011
6.704316
6.646574
6.618623
6.626924
7.253913
7.216549
7.238664
7.246524
7.174919
7.152148
7.203688
7.172845
7.090155
7.081070
7.078797
7.102478
7.030974
6.997848
6.973865
6.999393
6.940442
6.884412
6.896751
6.879252
6.868071
6.845928
6.758194
6.786237
6.759374
6.707752
6.742021
6.699250
6.691863
6.642143
6.708371
6.686531
7.330871
7.329375
7.327166
7.342737
7.240047
7.258688
7.275667
7.294169
7.278669
7.236979
7.298977
7.282099
7.258863
7.210676
7.186181
7.227483
7.189941
7.203263
7.126683
7.105999
7.173707
7.068231
7.152081
7.162104
7.138745
7.101019
7.099391
7.019360
7.041970
7.047340
6.990064
6.987996
7.023331
6.973413
6.946474
6.926704
