18.039737
10.098561
7.958266
6.303419
6.949462
7.113820
6.641902
6.395658
7.066537
7.124608
6.911049
6.810662
6.736274
6.697042
6.615744
6.557428
7.188082
7.172372
7.125256
7.128621
7.025358
7.007034
6.946474
6.882974
6.857999
6.804578
6.738894
6.783077
6.707356
6.649786
6.578699
6.582971
7.261234
7.263125
7.235087
7.218877
7.215290
7.227388
7.185949
7.196692
7.133703
7.077077
7.075540
7.065703
6.980252
6.995709
6.964281
6.997198
6.923386
6.899616
6.869207
6.873832
6.837759
6.806773
6.770218
6.792701
6.732739
6.750355
6.694096
6.649470
6.734300
6.707809
6.727281
6.620099
7.318750
7.341712
7.331319
7.345575
7.287630
7.271546
7.311890
7.243747
7.238328
7.256499
7.269813
7.222830
7.209404
7.202702
7.268632
7.216741
7.210007
7.206963
7.166741
7.113003
7.096324
7.107634
7.077587
7.073029
7.054682
7.072961
7.049581
7.064711
7.046348
7.041887
6.992614
7.008969
6.984929
6.914446
6.944916
6.900347
