17.901342
10.081122
7.925861
6.339059
6.994702
7.094405
6.698454
6.427742
7.051288
7.008677
7.127485
6.844472
6.748321
6.701747
6.613337
6.511269
7.177908
7.143658
7.115546
7.090304
7.019247
6.991544
6.969867
6.873669
6.822762
6.730747
6.754573
6.779779
6.694809
6.616505
6.605226
6.615665
7.280619
7.247894
7.205513
7.241098
7.205868
7.190449
7.186868
7.134011
7.113152
7.106845
7.098348
7.047276
7.044484
7.052728
6.979468
6.964949
6.915000
6.904402
6.878849
6.835453
6.857988
6.799295
6.780577
6.860678
6.746477
6.763537
6.767511
6.713618
6.709351
6.650383
6.601947
6.629911
7.351437
7.384789
7.287710
7.268143
7.384644
7.295488
7.264882
7.292567
7.288101
7.273159
7.250919
7.230801
7.282102
7.270568
7.242600
7.249227
7.213157
7.150694
7.203781
7.083252
7.098891
7.087659
7.125811
7.085156
7.140679
7.063026
7.142353
7.109343
6.979862
6.991388
7.060793
7.008515
6.997781
6.959161
6.986372
6.987711
