17.939219
10.100761
7.965771
6.290706
7.073602
6.780394
6.685146
6.449890
7.105354
7.042540
6.907336
6.833729
6.735686
6.650337
6.616386
6.510449
7.187503
7.190144
7.165995
7.084510
7.032402
7.022548
6.956804
6.941054
6.830789
6.781516
6.720982
6.794693
6.676672
6.599173
6.615509
6.591163
7.289974
7.289632
7.236507
7.211697
7.240577
7.174241
7.125530
7.175768
7.149610
7.120065
7.053667
7.076502
6.990904
7.011867
6.982264
6.946089
6.893069
6.902429
6.903906
6.865091
6.842173
6.813538
6.789463
6.819653
6.740282
6.743202
6.687743
6.724566
6.698942
6.686829
6.617072
6.619350
7.330428
7.352098
7.338757
7.297498
7.292290
7.327096
7.324696
7.251472
7.287559
7.371635
7.328434
7.219397
7.208594
7.226073
7.262757
7.180326
7.162614
7.244075
7.215342
7.100251
7.121441
7.117089
7.122978
7.134161
7.096183
7.070098
7.015990
7.083180
7.026468
6.972189
7.013438
7.045879
7.065743
6.977625
6.967685
6.952114
