17.873507
10.090010
7.941768
6.274758
7.141165
7.028440
6.579758
6.400762
7.056795
7.049516
6.907930
6.845685
6.718638
6.740182
6.673542
6.579975
7.227279
7.185936
7.156338
7.094331
7.058966
6.967101
6.929306
6.911378
6.869077
6.838439
6.729210
6.754321
6.714217
6.639260
6.624746
6.571633
7.248811
7.237279
7.234359
7.247976
7.171203
7.157660
7.156912
7.183863
7.093694
7.087876
7.101075
7.098710
7.018411
6.987683
6.961492
6.966213
6.922502
6.889285
6.849622
6.866998
6.819590
6.826693
6.756109
6.798748
6.748506
6.789371
6.722826
6.735985
6.681373
6.688481
6.660953
6.648937
7.387009
7.329467
7.333732
7.322856
7.283178
7.290309
7.266178
7.310266
7.337806
7.263868
7.240261
7.282993
7.268720
7.239973
7.203859
7.256622
7.193271
7.128746
7.142445
7.203086
7.217949
7.070119
7.070606
7.130496
7.105002
7.077548
7.013482
7.066956
7.020341
7.026635
7.009767
7.036970
6.991568
6.983879
6.861739
6.917946
