17.918079
10.088095
7.919757
6.256393
6.978727
7.043901
6.612180
6.381968
7.042852
7.149342
7.000761
6.809252
6.741714
6.692546
6.592446
6.531122
7.200452
7.133207
7.132833
7.101609
7.038813
7.015864
6.901037
6.882280
6.834496
6.801230
6.734913
6.701803
6.710804
6.652912
6.612827
6.579536
7.293328
7.235234
7.251535
7.234980
7.187964
7.150641
7.176261
7.206580
7.119016
7.052023
7.061022
7.091103
7.024275
6.993419
6.951663
6.947274
6.950933
6.922561
6.878470
6.860955
6.844990
6.845727
6.794217
6.781327
6.755370
6.774456
6.736466
6.690637
6.675142
6.678126
6.646496
6.634668
7.349679
7.303327
7.303422
7.320318
7.310519
7.310344
7.236923
7.266646
7.315134
7.280474
7.231549
7.287724
7.280956
7.200448
7.235952
7.203194
7.215911
7.207983
7.136017
7.124762
7.161165
7.093576
7.084888
7.184212
7.117594
7.077933
7.022410
7.072362
7.054875
6.998785
7.013632
6.984069
6.950663
6.979220
6.952480
6.934026
